24 - 18
Longitude: 90.35; Latitude: 23.55
Period (sec),CMS Median,CMS SigmaLN,UHS
1.0000E-02,1.7300E-01,6.0858E-07,1.7285E-01
5.0000E-02,1.8467E-01,2.3275E-01,1.7932E-01
1.5000E-01,2.9804E-01,4.1842E-01,3.2907E-01
3.0000E-01,1.7554E-01,6.3834E-01,3.7697E-01
5.0000E-01,5.5994E-02,8.5372E-01,2.9613E-01
7.5000E-01,2.0571E-02,9.7928E-01,2.1258E-01
1.0000E+00,8.7980E-03,1.0343E+00,1.7720E-01
1.5000E+00,2.4688E-03,1.1478E+00,1.1153E-01
2.0000E+00,9.7346E-04,1.2146E+00,7.6266E-02
3.0000E+00,2.3639E-04,1.3112E+00,4.3991E-02
