24 - 18
Longitude: 90.35; Latitude: 23.55
Period (sec),CMS Median,CMS SigmaLN,UHS
1.0000E-02,7.7469E-02,3.6995E-01,1.7285E-01
5.0000E-02,1.1293E-01,3.1198E-01,1.7932E-01
1.5000E-01,3.2900E-01,0.0000E+00,3.2907E-01
3.0000E-01,9.8706E-02,5.7909E-01,3.7697E-01
5.0000E-01,2.3299E-02,8.6521E-01,2.9613E-01
7.5000E-01,7.1097E-03,1.0299E+00,2.1258E-01
1.0000E+00,2.8173E-03,1.1167E+00,1.7720E-01
1.5000E+00,7.6923E-04,1.2434E+00,1.1153E-01
2.0000E+00,3.1596E-04,1.3132E+00,7.6266E-02
3.0000E+00,9.4474E-05,1.4010E+00,4.3991E-02
