25 - 23
Longitude: 90.4; Latitude: 23.8
Period (sec),CMS Median,CMS SigmaLN,UHS
1.0000E-02,3.4521E-02,6.7244E-01,2.4492E-01
5.0000E-02,2.8639E-02,7.1453E-01,2.9665E-01
1.5000E-01,4.3323E-02,7.4845E-01,4.8062E-01
3.0000E-01,1.1820E-01,6.0947E-01,5.3417E-01
5.0000E-01,1.8947E-01,4.3548E-01,4.1452E-01
7.5000E-01,3.0700E-01,2.0915E-07,3.0720E-01
1.0000E+00,1.1007E-01,4.1323E-01,2.4120E-01
1.5000E+00,2.3948E-02,6.7189E-01,1.5305E-01
2.0000E+00,8.0925E-03,8.2160E-01,1.0998E-01
3.0000E+00,1.5222E-03,9.8773E-01,6.1857E-02
