25 - 23
Longitude: 90.4; Latitude: 23.8
Period (sec),CMS Median,CMS SigmaLN,UHS
1.0000E-02,1.7043E-01,2.2851E-01,2.4492E-01
5.0000E-02,2.9700E-01,0.0000E+00,2.9665E-01
1.5000E-01,4.1136E-01,3.5400E-01,4.8062E-01
3.0000E-01,1.5332E-01,6.7187E-01,5.3417E-01
5.0000E-01,4.1163E-02,9.0548E-01,4.1452E-01
7.5000E-01,1.3714E-02,1.0323E+00,3.0720E-01
1.0000E+00,5.6346E-03,1.0912E+00,2.4120E-01
1.5000E+00,1.5488E-03,1.1944E+00,1.5305E-01
2.0000E+00,6.2020E-04,1.2535E+00,1.0998E-01
3.0000E+00,1.6553E-04,1.3309E+00,6.1857E-02
