24 - 18
Longitude: 90.35; Latitude: 23.55
Period (sec),CMS Median,CMS SigmaLN,UHS
1.0000E-02,1.0617E-01,2.2986E-01,1.7285E-01
5.0000E-02,1.7900E-01,0.0000E+00,1.7932E-01
1.5000E-01,2.5290E-01,3.4528E-01,3.2907E-01
3.0000E-01,9.8773E-02,6.5990E-01,3.7697E-01
5.0000E-01,2.7938E-02,8.9847E-01,2.9613E-01
7.5000E-01,9.6451E-03,1.0318E+00,2.1258E-01
1.0000E+00,4.0757E-03,1.0968E+00,1.7720E-01
1.5000E+00,1.1722E-03,1.2096E+00,1.1153E-01
2.0000E+00,4.8451E-04,1.2741E+00,7.6266E-02
3.0000E+00,1.3608E-04,1.3636E+00,4.3991E-02
