24 - 18
Longitude: 90.35; Latitude: 23.55
Period (sec),CMS Median,CMS SigmaLN,UHS
1.0000E-02,2.6822E-02,6.9745E-01,1.7285E-01
5.0000E-02,2.2510E-02,7.6009E-01,1.7932E-01
1.5000E-01,3.4427E-02,8.1021E-01,3.2907E-01
3.0000E-01,8.9114E-02,6.3136E-01,3.7697E-01
5.0000E-01,1.3767E-01,4.4368E-01,2.9613E-01
7.5000E-01,2.1300E-01,0.0000E+00,2.1258E-01
1.0000E+00,7.7515E-02,4.1504E-01,1.7720E-01
1.5000E+00,1.7456E-02,6.7762E-01,1.1153E-01
2.0000E+00,6.0403E-03,8.3011E-01,7.6266E-02
3.0000E+00,1.1880E-03,1.0031E+00,4.3991E-02
