24 - 18
Longitude: 90.35; Latitude: 23.55
Period (sec),CMS Median,CMS SigmaLN,UHS
1.0000E-02,2.1322E-02,7.4559E-01,1.7285E-01
5.0000E-02,1.7309E-02,8.1769E-01,1.7932E-01
1.5000E-01,2.4476E-02,8.8675E-01,3.2907E-01
3.0000E-01,5.9799E-02,7.2992E-01,3.7697E-01
5.0000E-01,9.0079E-02,5.9492E-01,2.9613E-01
7.5000E-01,1.3917E-01,3.9957E-01,2.1258E-01
1.0000E+00,1.7700E-01,2.5637E-07,1.7720E-01
1.5000E+00,3.9146E-02,5.0613E-01,1.1153E-01
2.0000E+00,1.3283E-02,6.8620E-01,7.6266E-02
3.0000E+00,2.4241E-03,8.8297E-01,4.3991E-02
