24 - 18
Longitude: 90.35; Latitude: 23.55
Period (sec),CMS Median,CMS SigmaLN,UHS
1.0000E-02,1.0016E-02,8.7610E-01,1.7285E-01
5.0000E-02,8.3192E-03,9.4777E-01,1.7932E-01
1.5000E-01,1.0734E-02,1.0344E+00,3.2907E-01
3.0000E-01,2.0024E-02,9.2022E-01,3.7697E-01
5.0000E-01,2.5181E-02,8.4883E-01,2.9613E-01
7.5000E-01,3.4725E-02,7.2949E-01,2.1258E-01
1.0000E+00,4.2089E-02,6.1630E-01,1.7720E-01
1.5000E+00,5.7447E-02,4.0641E-01,1.1153E-01
2.0000E+00,7.6000E-02,0.0000E+00,7.6266E-02
3.0000E+00,1.2740E-02,5.1155E-01,4.3991E-02
