24 - 18
Longitude: 90.35; Latitude: 23.55
Period (sec),CMS Median,CMS SigmaLN,UHS
1.0000E-02,6.4897E-03,9.5886E-01,1.7285E-01
5.0000E-02,5.7268E-03,1.0203E+00,1.7932E-01
1.5000E-01,7.4641E-03,1.1041E+00,3.2907E-01
3.0000E-01,1.1905E-02,1.0145E+00,3.7697E-01
5.0000E-01,1.3509E-02,9.7376E-01,2.9613E-01
7.5000E-01,1.7499E-02,8.7499E-01,2.1258E-01
1.0000E+00,2.0668E-02,7.8026E-01,1.7720E-01
1.5000E+00,2.7739E-02,6.3407E-01,1.1153E-01
2.0000E+00,3.6672E-02,4.9273E-01,7.6266E-02
3.0000E+00,4.4000E-02,0.0000E+00,4.3991E-02
