25 - 23
Longitude: 90.4; Latitude: 23.8
Period (sec),CMS Median,CMS SigmaLN,UHS
1.0000E-02,1.0872E-01,3.7524E-01,2.4492E-01
5.0000E-02,1.6109E-01,3.1966E-01,2.9665E-01
1.5000E-01,4.8100E-01,0.0000E+00,4.8062E-01
3.0000E-01,1.3779E-01,5.7835E-01,5.3417E-01
5.0000E-01,3.0986E-02,8.5603E-01,4.1452E-01
7.5000E-01,9.1711E-03,1.0124E+00,3.0720E-01
1.0000E+00,3.5538E-03,1.0946E+00,2.4120E-01
1.5000E+00,9.3770E-04,1.2123E+00,1.5305E-01
2.0000E+00,3.7664E-04,1.2787E+00,1.0998E-01
3.0000E+00,1.0914E-04,1.3571E+00,6.1857E-02
