25 - 23
Longitude: 90.4; Latitude: 23.8
Period (sec),CMS Median,CMS SigmaLN,UHS
1.0000E-02,2.6375E-02,7.0399E-01,2.4492E-01
5.0000E-02,2.1247E-02,7.5650E-01,2.9665E-01
1.5000E-01,2.9693E-02,8.1084E-01,4.8062E-01
3.0000E-01,7.4990E-02,6.9353E-01,5.3417E-01
5.0000E-01,1.1541E-01,5.7392E-01,4.1452E-01
7.5000E-01,1.8401E-01,3.9182E-01,3.0720E-01
1.0000E+00,2.4100E-01,0.0000E+00,2.4120E-01
1.5000E+00,5.1950E-02,5.0383E-01,1.5305E-01
2.0000E+00,1.7320E-02,6.8126E-01,1.0998E-01
3.0000E+00,3.0492E-03,8.7168E-01,6.1857E-02
