25 - 23
Longitude: 90.4; Latitude: 23.8
Period (sec),CMS Median,CMS SigmaLN,UHS
1.0000E-02,7.7893E-03,8.6900E-01,2.4492E-01
5.0000E-02,6.8167E-03,9.1856E-01,2.9665E-01
1.5000E-01,8.7562E-03,9.9514E-01,4.8062E-01
3.0000E-01,1.4278E-02,9.4092E-01,5.3417E-01
5.0000E-01,1.6537E-02,9.1608E-01,4.1452E-01
7.5000E-01,2.2013E-02,8.3512E-01,3.0720E-01
1.0000E+00,2.6677E-02,7.5729E-01,2.4120E-01
1.5000E+00,3.7021E-02,6.2187E-01,1.5305E-01
2.0000E+00,5.0333E-02,4.8789E-01,1.0998E-01
3.0000E+00,6.2000E-02,0.0000E+00,6.1857E-02
