25 - 23
Longitude: 90.4; Latitude: 23.8
Period (sec),CMS Median,CMS SigmaLN,UHS
1.0000E-02,1.2277E-02,8.0396E-01,2.4492E-01
5.0000E-02,1.0081E-02,8.5924E-01,2.9665E-01
1.5000E-01,1.2796E-02,9.3490E-01,4.8062E-01
3.0000E-01,2.4644E-02,8.5912E-01,5.3417E-01
5.0000E-01,3.1827E-02,8.0428E-01,4.1452E-01
7.5000E-01,4.5408E-02,7.0243E-01,3.0720E-01
1.0000E+00,5.6759E-02,6.0541E-01,2.4120E-01
1.5000E+00,8.0533E-02,4.0324E-01,1.5305E-01
2.0000E+00,1.1000E-01,0.0000E+00,1.0998E-01
3.0000E+00,1.7595E-02,5.0958E-01,6.1857E-02
