25 - 23
Longitude: 90.4; Latitude: 23.8
Period (sec),CMS Median,CMS SigmaLN,UHS
1.0000E-02,2.4500E-01,0.0000E+00,2.4492E-01
5.0000E-02,2.6196E-01,2.3080E-01,2.9665E-01
1.5000E-01,4.1971E-01,4.2253E-01,4.8062E-01
3.0000E-01,2.4543E-01,6.5411E-01,5.3417E-01
5.0000E-01,7.5961E-02,8.7052E-01,4.1452E-01
7.5000E-01,2.7453E-02,9.9214E-01,3.0720E-01
1.0000E+00,1.1581E-02,1.0409E+00,2.4120E-01
1.5000E+00,3.1604E-03,1.1453E+00,1.5305E-01
2.0000E+00,1.2203E-03,1.2055E+00,1.0998E-01
3.0000E+00,2.8491E-04,1.2884E+00,6.1857E-02
