25 - 23
Longitude: 90.4; Latitude: 23.8
Period (sec),CMS Median,CMS SigmaLN,UHS
1.0000E-02,7.5899E-02,5.1355E-01,2.4492E-01
5.0000E-02,7.5712E-02,5.3683E-01,2.9665E-01
1.5000E-01,1.6266E-01,4.9652E-01,4.8062E-01
3.0000E-01,5.3400E-01,1.5468E-07,5.3417E-01
5.0000E-01,1.2204E-01,5.3860E-01,4.1452E-01
7.5000E-01,3.5134E-02,7.5711E-01,3.0720E-01
1.0000E+00,1.2901E-02,8.7807E-01,2.4120E-01
1.5000E+00,3.0511E-03,1.0406E+00,1.5305E-01
2.0000E+00,1.1169E-03,1.1360E+00,1.0998E-01
3.0000E+00,2.6514E-04,1.2462E+00,6.1857E-02
